[app/ui]
version = 8.1.1
modtime = 1608930900.857260700

[app/launcher]
version = 8.1.1
modtime = 1608930900.861184900
